2024W01    3          103        4          1
2024W02    3          105        4          1
2024W03    3          112        4          1
2024W04    3          114        4          1
2024W05    3          117        4          1
2024W06    3          119        4          2
2024W07    3          124        4          3
2024W08    3          134        4          3
2024W09    3          140        4          3
2024W10    3          145        4          5
2024W11    3          152        4          6
2024W12    4          156        4          6
2024W13    4          171        7          7
2024W14    4          196        5          7
2024W15    5          198        5          7
2024W16    5          204        5          7
2024W17    5          204        5          7
2024W18    5          208        5          7
2024W19    5          208        5          7
2024W20    5          213        6          8
2024W21    5          214        6          8
2024W22    5          215        6          10
2024W23    5          221        6          11
2024W24    5          223        6          12
2024W25    5          225        6          12
2024W26    5          228        6          12
